1|-33||-45||-83|
1|-38||-42||-76|
1|-36||-72|
1|-44||-45||-79|
1|-48||-37||-83|
1|-54||-30||-75|
1|-37||-43||-74|
1|-44||-41||-75|
1|-32||-57|
1|-33||-45||-82|
1|-61||-55||-88|
1|-45||-45||-88|
1|-45||-55||-86|
1|-38||-47|
1|-38||-51||-83|
1|-32||-51||-85|
1|-35||-47||-78|
1|-36||-40||-77|
1|-38||-50||-79|
1|-37||-42||-84|
1|-38||-48||-81|
1|-41||-57|
1|-32||-47|
1|-32||-52||-82|
1|-39||-42||-81|
1|-38||-41||-78|
1|-56||-40|
1|-46||-34||-84|
1|-44||-31||-76|
1|-36||-36||-75|
next room
2|-53||-34|
2|-64||-38||-71|
2|-56||-31||-70|
2|-58||-41||-72|
2|-64||-27||-68|
2|-67||-26||-71|
2|-71||-23||-76|
2|-65||-17||-75|
2|-71||-65|
2|-68||-23||-64|
2|-77||-18||-74|
2|-61||-17||-69|
2|-59||-19||-71|
2|-72||-21||-72|
2|-68||-20||-71|
2|-66||-16||-65|
2|-66||-25||-67|
2|-68||-28||-69|
2|-68||-19||-72|
2|-58||-30||-71|
2|-67||-46||-66|
2|-56||-23|
2|-62||-19||-72|
2|-67||-21||-80|
2|-58||-17||-69|
2|-62||-30||-74|
2|-69||-28||-71|
2|-65||-18||-68|
2|-75||-19||-74|
2|-60||-16||-75|
next room
3|-71||-45||-66|
3|-76||-36||-64|
3|-70||-27||-64|
3|-67||-37||-67|
3|-66||-49||-68|
3|-64||-47||-62|
3|-72||-50||-61|
3|-68||-47||-67|
3|-68||-48|
3|-66||-44||-66|
3|-76||-52||-68|
3|-72||-58||-65|
3|-71||-52||-73|
3|-75||-56||-72|
3|-73||-47||-67|
3|-76||-55||-74|
3|-73||-43||-58|
3|-70||-52||-65|
3|-74||-48||-57|
3|-68||-28||-73|
3|-73||-41||-67|
3|-71||-47||-61|
3|-68||-45||-68|
3|-75||-45||-66|
3|-77||-47||-64|
3|-74||-50||-58|
3|-73||-54||-66|
3|-71||-50||-61|
3|-77||-22||-67|
3|-72||-24|