1|-29||-83||-51|
1|-29||-78||-39|
1|-28||-52|
1|-44||-80||-59|
1|-34||-88||-56|
1|-33||-53|
1|-43||-84||-58|
1|-34||-88||-40|
1|-50||-77||-47|
1|-42||-86|
1|-70||-70|
1|-32||-87||-58|
1|-48||-85||-55|
1|-39||-87||-52|
1|-43||-91||-50|
2|-59||-72||-27|
2|-62||-78||-23|
2|-67||-69||-43|
2|-75||-80||-21|
2|-65||-70||-33|
2|-64||-68||-18|
2|-59||-67||-57|
2|-62||-74||-37|
2|-73||-71||-29|
2|-56||-75||-22|
2|-58||-77||-21|
2|-63||-71||-46|
2|-61||-72|
2|-62||-67||-45|
2|-65||-65||-24|
3|-70||-59||-45|
3|-66||-74||-58|
3|-72||-67||-44|
3|-69||-73||-53|
3|-64||-60||-39|
3|-70||-63||-58|
3|-65||-72|
3|-75||-70||-44|
3|-71||-60||-48|
3|-71||-51|
3|-80||-60||-47|
3|-71||-66||-60|
3|-65||-70||-52|
3|-67||-71||-52|
3|-64||-80||-55|