
1|-30||-53|
1|-31||-50||-76|
1|-37||-42|
1|-37||-43||-83|
1|-38||-50||-80|
1|-40||-49||-83|
1|-34||-50||-86|
1|-39||-54||-83|
1|-40||-44||-81|
1|-50||-48||-74|
1|-46||-37||-76|
1|-36||-49||-81|
1|-37||-46||-85|
1|-43||-61|
1|-40||-43||-79|
2|-63||-34||-73|
2|-67||-26||-77|
2|-61||-25||-71|
2|-63||-23||-60|
2|-63||-31||-74|
2|-64||-19|
2|-63||-18|
2|-70||-25|
2|-69||-21|
2|-69||-12||-61|
2|-59||-22||-72|
2|-61||-16|
2|-59||-22||-77|
3|-71||-40||-60|
3|-78||-66||-60|
3|-73||-58||-70|
3|-82||-52||-58|
3|-83||-51||-55|
3|-74||-52||-58|
3|-72||-57||-74|
3|-73||-45|
3|-76||-56||-59|
3|-73||-61||-72|
3|-55||-71||-66|
3|-75||-62||-62|
3|-71||-48|
3|-83||-55||-60|
3|-75||-51||-57|
